Webots Project File version R2020a
perspectives: 000000ff00000000fd000000030000000000000314000003defc0100000003fc00000000ffffffff0000000000fffffffc0200000001fb00000012005300630065006e006500540072006500650100000015000002750000000000000000fb0000001e00480074006d006c0052006f0062006f007400570069006e0064006f00770000000000000003140000000000000000fb0000001a0044006f00630075006d0065006e0074006100740069006f006e0000000000ffffffff0000006900ffffff000000010000023f000003b1fc0200000001fb0000001400540065007800740045006400690074006f0072010000001a000003b10000008700ffffff000000030000078100000039fc0100000001fb0000000e0043006f006e0073006f006c00650100000000000007810000006900ffffff00000540000003b100000004000000040000000100000008fc00000000
simulationViewPerspectives: 000000ff000000010000000200000101000003ba0100000002010000000101
sceneTreePerspectives: 000000ff0000000100000002000000c0000001120100000002010000000201
maximizedDockId: -1
centralWidgetVisible: 1
selectionDisabled: 0
viewpointLocked: 0
orthographicViewHeight: 1
textFiles: 0 "controllers/Nao_1/Nao_1.py" "../../../AppData/Local/Programs/Webots/projects/robots/softbank/nao/controllers/nao_demo_python/nao_demo_python.py"
renderingDevicePerspectives: NAO(1):CameraBottom;0;0.266667;0;0
renderingDevicePerspectives: NAO(1):display;1;1;0;0
renderingDevicePerspectives: NAO(1):CameraTop;0;0.266667;0;0
x3dExport-shadowBias: 0.06
x3dExport-shadowMapSize: 1024
x3dExport-shadowRadius: 6
